1.850878343212998267e-01
1.221653414875714661e-01
1.208717006935091098e-01
1.229296133808644997e-01
9.454782999085827866e-01
9.166071101351284112e-01
3.094428652289386572e-01
9.379601481779681685e-03
2.276440503727087672e-01
1.894044486577076136e-01
1.698324832893689518e-01
1.204941387852133672e-01
8.264619250770564030e-01
9.186386547889123511e-02
8.515503475195557170e-01
3.992138625798221513e-02
2.917089240421273377e-01
1.511359476529661738e-01
2.709638080050491560e-01
6.279658662551027004e-02
1.451688186677857761e-01
2.210532889228959408e-01
1.218152093424014204e-01
4.463052777320104109e-02
2.214020705389049271e-01
2.224015235398600632e-01
3.786429232226569686e-01
9.813244680840250977e-02
9.852274546900259555e-02
1.151376030771370934e-01
4.122859349907895821e-01
5.835317267726749524e-01
7.020242647506250155e-02
1.850112437710026703e-01
7.397431014017105677e-02
2.901412022309300953e-01
3.640799568943438036e-01
2.809171270891638317e-01
1.039549902562285216e-01
1.821554789515334588e-02
2.286161398180146520e-01
6.816305719481684233e-02
2.029759181273869117e-01
3.156777108876803184e-01
8.917601011606937633e-02
2.237944264360416380e-01
2.562903690354038644e-01
3.700475816296306536e-02
1.411332360232961103e-01
1.569300074419396618e-01
9.317175664121761791e-01
7.358021476147507123e-01
7.832409421276436134e-01
8.591788277107486049e-01
5.865595279316365707e-01
8.450166107665072479e-01
9.095765702044774637e-01
6.674869348265819458e-01
6.506842887828554467e-01
9.565423232639170825e-01
8.961208084743210733e-01
4.227324500678332209e-01
9.772996845751764639e-01
6.752291803763607048e-01
5.098895091048045725e-01
9.794310143765946330e-01
9.523963643540960256e-01
8.125003794784803057e-01
9.021016319230800162e-01
4.217247385164641926e-01
6.251807366716336523e-01
4.783950554364175822e-01
3.510140104797224159e-01
9.847663321533318692e-01
2.575960788662948198e-01
8.465390860348855906e-01
8.243746435292305108e-01
7.248345245034999440e-01
8.397693760241843608e-02
7.631696134208293403e-01
7.534080449043295546e-01
8.902487555992268931e-01
8.930380930794653560e-01
9.624429141989873093e-01
7.665248071464630941e-01
9.547368652541806666e-01
9.955828280552087017e-01
4.096096274640121382e-01
9.809043669653656483e-01
8.974935734170567114e-01
7.352504495979498289e-01
4.907135892261417220e-01
5.643647242542476627e-01
8.608924952539337427e-01
2.191449198942722609e-01
9.476787157065821310e-01
8.909776726825993087e-01
6.731338484286936152e-01
8.273248173402618644e-01
9.787684595532418763e-01
