3.034129148512361707e-01
7.117076992753389453e-01
1.901066618905467576e-01
3.645182618063074614e-02
1.140394153890740281e-01
3.965587109133063975e-02
4.526556873319085607e-03
2.048453519002749884e-02
9.134522218635209717e-03
3.607752284712165136e-01
6.280759777012542844e-02
1.147008269774052111e-02
1.785733180974189427e-01
9.038411603616067769e-01
2.299077590497572085e-02
5.467487533018938056e-03
2.722449580685186166e-01
1.457070388186671860e-04
2.289619146650588924e-03
4.760580770738105927e-01
2.936937507143164234e-05
1.910449556387648073e-01
7.944778173019604066e-04
9.287563289953436677e-03
4.633337956400847583e-04
1.892374412234686942e-01
1.050587542006657400e-03
4.580635557649224976e-02
2.516946276049288056e-02
5.347115055750011336e-01
2.128808693628850800e-03
6.125497926651611059e-03
3.639765226647788121e-01
1.017926335992186003e-04
7.676559809722419223e-04
5.539913490120383340e-04
3.131266909382054292e-02
2.609108006713144468e-01
2.114597560102305512e-02
1.252168224397993967e-01
2.138427987146285583e-02
3.215110188690808502e-04
6.376695868776640838e-03
5.211893084849135438e-02
3.079155898552803430e-03
3.471464053954842390e-03
5.288918591346273290e-01
9.340159665582834295e-03
1.194421085333214868e-03
3.177818929361338474e-01
9.195869398751473911e-01
4.023765954903420206e-02
3.760335086475251071e-03
7.558237062363653003e-01
4.712676162688410053e-01
2.408420119254712534e-03
2.577056216478396805e-02
1.446183260551874190e-02
6.521366411116509554e-04
1.560475174390394890e-02
1.066525857129871797e-04
3.406502246972512808e-03
1.651179663998259689e-02
2.075015260003418016e-01
2.676788807790535132e-04
7.758668949015589122e-01
5.967714625051804851e-04
1.215810046867833944e-03
3.494074680080466733e-02
5.214719239977886125e-03
4.857363567559805535e-03
5.979190032454113207e-02
1.771100671711933749e-03
2.245181983869621867e-01
4.756922811890364478e-01
3.416749746431697551e-04
1.458940827399639838e-03
5.568348827335210197e-04
6.227372343035675502e-03
1.923486795011342121e-01
9.709405599834873835e-01
1.351206955862642722e-01
3.350927462599941715e-04
1.751920349155387671e-03
1.702363551685812191e-04
9.497854066482602428e-03
7.465185698667829717e-02
4.214980725543546365e-04
4.379827324150332643e-03
2.339278662114743865e-03
3.249200425488946165e-01
3.699490566188383678e-01
1.262815770005033941e-03
2.826596345610187834e-03
9.804670263639010397e-01
7.643828738686493374e-01
2.261923542676668841e-04
1.814475142338362740e-02
1.454883008912287706e-03
1.532861279935196219e-01
3.532710925419249148e-03
9.143236656190187328e-02
3.313475741615762860e-01
1.725661442081103877e-02
1.858875135092987602e-02
2.461091592447380971e-03
3.936738395034325086e-03
7.912681371604890490e-04
3.595416933816009825e-02
9.746945214763502036e-03
1.415013134770506109e-01
1.440764494975410571e-04
1.706844540411139779e-03
7.459649885079134603e-03
3.424407102418914033e-05
3.738349328932855532e-03
2.496625074492873353e-01
6.463170592576315560e-06
1.900387242198841448e-02
6.645841371211780313e-01
9.591019683481573474e-05
2.361651789127399911e-03
3.872897610102500783e-03
1.928383535394194714e-01
1.540307739587952751e-01
1.631520596910016607e-01
6.123289117936653314e-02
3.655526882374881548e-01
2.093441186893567167e-03
2.426160194277668034e-02
2.437196186341581902e-03
8.300156081368711622e-03
6.899561748600320232e-01
1.759684822538482366e-02
1.293932507331047900e-02
7.588914232002329230e-02
5.472419539538773319e-04
4.039065487171517727e-02
5.581562869949264002e-05
6.921673947416127036e-04
6.279625218197374065e-04
7.572618756144931795e-02
4.632416330339754473e-02
4.493246617644574593e-03
3.652303382208836710e-04
1.941661878678978715e-04
4.915345800924654507e-03
3.826173310715100338e-03
8.887937413348187543e-04
2.843851889067981406e-02
7.293295442651048788e-02
4.093580461162542815e-05
3.836072012375111185e-03
8.463405380491666131e-05
8.339285304034752544e-01
1.741654227839498081e-01
5.944974435777309642e-03
1.099221398702723761e-05
5.295463998497009286e-03
1.577353194682749610e-03
5.387598951064430652e-01
1.761220270359407361e-03
7.230435606948194132e-05
3.216432059168437135e-02
2.488498040513559533e-03
9.296487548362117881e-01
4.776428424336295366e-03
5.427445127805405507e-03
1.402988502472748697e-05
7.188278088131644546e-03
9.744142637766380413e-03
2.026313633355963928e-02
5.841800764119896572e-01
4.325737810458226210e-03
5.257735054807618491e-01
3.067811663070212358e-01
6.373828844204119104e-01
5.958346026410453466e-02
1.228939760297383943e-01
8.619596422522312479e-03
1.513887456914798750e-02
8.099469411768882299e-02
6.433019616748354708e-02
6.308589367472072600e-03
7.753445854390448311e-01
2.045931449268540737e-03
5.213568102688432866e-04
1.439539721293919550e-01
3.730249277346509192e-03
3.763353044619863457e-03
1.418384724309865088e-04
2.401337678214011256e-02
5.569650201980579605e-03
5.997927454600976557e-04
1.612283840622096287e-01
2.391722079824015713e-04
1.025994817561145644e-03
3.186410327588369840e-01
6.794603313359063312e-01
1.736505300459640910e-01
7.047308427703716238e-02
3.495992674070317469e-02
1.379322740970766702e-02
3.968845712417929522e-02
1.632253342145131500e-02
4.719802835880063663e-01
2.652363526559718410e-01
1.408855262713324397e-01
2.672831295034479998e-02
2.240527362688777419e-02
2.791299747606709736e-03
2.852201968691428513e-05
4.438997220410453165e-02
1.123582774472000889e-01
1.551688677463807786e-01
2.384272925728002021e-02
7.389066895499207810e-02
4.143266663025798810e-03
3.979267358312768219e-03
5.794669304863855341e-01
1.065463653944731526e-02
6.140817188287662175e-03
3.061433771285487077e-02
7.117903271458865663e-04
3.711862367624359504e-01
4.323224711549495947e-01
3.509776738195438117e-01
1.558809743727830599e-02
3.652241384625755805e-03
6.726460334405996028e-03
2.295893805798367437e-01
8.045909672884471453e-02
6.656571805728181239e-03
5.298250095382869146e-02
1.882061191615657936e-01
1.491383323165813499e-02
2.006125212233639613e-02
1.880471769290320561e-01
4.263729520453349298e-02
1.969219377948666584e-04
3.841568732336846786e-02
3.961100022283798455e-02
9.247204321165353180e-03
1.652783692391575007e-02
9.030070750691621129e-02
9.899582815200798080e-01
3.154011794188916751e-01
2.605839810148227187e-01
5.096586153900942856e-02
8.703937998392631548e-02
6.736078555481742058e-02
6.592708742922906984e-01
6.442206920587417295e-04
4.479559742584009402e-04
8.170906662649461694e-03
7.654634776555335751e-02
1.246411023502118492e-01
1.365383349800936529e-02
1.875601687509649215e-03
9.188074140913266651e-06
1.187186057611805401e-02
1.430536794044576510e-01
1.681070455701689169e-04
2.761782305858642150e-01
8.750172269925150792e-02
1.086221481215214092e-02
3.783401439320481507e-04
6.386470184917171222e-01
8.012277503338287310e-02
1.443549276477882129e-02
5.594207194051248333e-02
9.512106126548527940e-03
2.864706845787810298e-03
5.787495894101263305e-02
8.496519135406357254e-03
2.448950671712518679e-02
7.072858007216240028e-02
6.809844996767571157e-01
3.357281567517360707e-06
9.929825782460335870e-02
6.797114977111363698e-01
1.442658731813986628e-01
1.101496381971613647e-01
7.769821568415968827e-02
7.090314011069563660e-02
3.044950422852457737e-03
7.561314785163602004e-01
1.940500035529948986e-01
1.858322002815571972e-01
9.171505251974156753e-03
2.765907658336100761e-04
6.670875388618882889e-04
1.301948041103861975e-01
3.047829705957858307e-02
1.613101303359466276e-01
1.084785944652301480e-04
3.613952012998267738e-01
1.221879952955991124e-04
9.776881105588075896e-03
9.111269336522231921e-03
1.122193119272672374e-01
4.742656673675347268e-01
3.107893621469982274e-03
2.519950886190136519e-02
3.571059125901748788e-03
9.946930178838599460e-05
5.943856644500362940e-02
9.386165928929775248e-03
1.395914784701089185e-02
1.015181954307383316e-03
1.960041183296533651e-01
4.241932719129011130e-04
4.672451552688840909e-02
1.796468983886987392e-01
4.116371533599700574e-05
4.021054772052545627e-03
2.172134223064694780e-01
4.868253744472482263e-03
2.392363097372128791e-05
2.029222999304594599e-03
5.123899131958124797e-02
1.962180128080397851e-03
6.412435251993834351e-01
2.339486557848640975e-03
2.422641495427564975e-02
1.288131395841967883e-02
2.027978599278727409e-02
1.287363848857268412e-04
1.671735606021657397e-02
1.711332339284265258e-01
1.004245147202421917e-02
1.424562677861347659e-03
1.276775048363841536e-01
2.017875616684985604e-04
2.026403102205978080e-01
5.262591083922500967e-01
5.801921011164714150e-04
2.868524669889451170e-05
6.491580264027799752e-01
6.936700012906712454e-01
3.195006248397647277e-05
4.547573778615398243e-04
9.988678833485913067e-02
3.314410653573678523e-03
5.174314892808435928e-01
1.778815172468454775e-01
3.566549251484492644e-01
4.840010767163303584e-01
7.045685542667093904e-01
8.821267917199998587e-02
4.568618905667442935e-04
5.468527123517945565e-01
7.045157710535389557e-05
1.847107871963982184e-02
9.506586344060552474e-01
3.254088553279616686e-02
9.494391605721885785e-01
1.069137550380183377e-01
1.126460117865629995e-01
6.570673213300605815e-06
1.860959557097951431e-05
2.745260394144716232e-01
9.974574947350872689e-01
6.197999306812331799e-01
1.374113905679381258e-03
7.201980844774196529e-04
9.761597364448675344e-04
1.703785758631215230e-01
6.012447489649093146e-01
1.573514441305634429e-03
2.025837095860984205e-01
4.881530321628841512e-02
7.105097478914386144e-01
1.135986644467854634e-05
3.634873629537994054e-03
2.394459538833958233e-04
1.627318481106515835e-01
3.548117832183762116e-02
1.050402567539329701e-02
6.241223944044812511e-01
2.316618793856649594e-01
1.090387154730292985e-03
1.714643894413995784e-01
1.281756810678707018e-02
2.677530373844738687e-01
9.983415053175663800e-01
1.076259987157260345e-02
4.887062577560603036e-04
7.859747131765727479e-01
9.749508664315604811e-01
1.792206891141897218e-03
3.924745208275630132e-04
1.132690246187137290e-01
6.681992456496419971e-03
3.322542758355545838e-03
2.823038556910368868e-01
2.291418926245742185e-02
3.604991421694110632e-02
3.342690660762456800e-02
6.831346079052942610e-02
3.300698532107142480e-01
2.794755622894972147e-01
1.703730627562764972e-04
3.043164636465557887e-03
1.322688864289533258e-04
1.048970936250491343e-01
1.615890659124289419e-01
3.123017499757794677e-02
1.393525565130749044e-01
1.420456490893534929e-01
5.530602254428170286e-03
6.628328683207972138e-02
6.147121575863334630e-01
4.152049185756937280e-03
6.605395184559972356e-03
1.271557156682368850e-01
4.800189396482773541e-01
6.078981262785837156e-03
1.467769435535927133e-02
5.994288154195863069e-03
5.762673828303180312e-02
1.428269694291819372e-03
7.236001865562146848e-03
2.233274813365929774e-04
2.794233586061975125e-03
2.681655515621043928e-03
3.056841707607043171e-02
7.131200459848070945e-03
6.113219170054543829e-03
9.461745663413934082e-01
9.750155336872630141e-01
4.601150434224307584e-02
1.050511476936208129e-05
2.331533522474640505e-02
2.554576353007970840e-02
1.942704305206444711e-03
1.472139853643063441e-02
7.343071250902648561e-01
1.862883040603699730e-03
3.010162162795242957e-01
7.046855405258256946e-03
1.596530261292593011e-01
4.632403407796270274e-04
4.148451175646863248e-02
1.795501663518297075e-03
1.247447368476464757e-02
2.750596076022449737e-03
2.239550670129843851e-03
5.623051464707951594e-04
7.967333162005409142e-02
8.454027017673702848e-02
3.267107041981490712e-01
3.402393135487528225e-02
8.897954108000627124e-03
4.590113290770522943e-03
1.630819454510397393e-01
9.424299525389615573e-01
6.619695877636214143e-02
3.893704772656193108e-02
2.161487546608028502e-03
9.289043692826988788e-03
4.212585942615336421e-02
1.688568893934209308e-02
2.297714254946111277e-03
6.054848476171790193e-04
2.625233709469315321e-02
3.776312574336508567e-04
3.773803187053360181e-02
8.438449276671562693e-02
1.115881807747870968e-03
1.017762782852902892e-01
1.020064132788002786e-01
4.376597503987877231e-04
5.370486560906704383e-04
8.769677524913544950e-03
2.394539476205269357e-01
2.166151419400063824e-02
6.735209916219456194e-02
7.783924027140012684e-03
8.394947969226469959e-04
5.019827821120688080e-03
3.223565827012023818e-03
9.953516617416382703e-04
1.454754131079745438e-02
7.969232621952606621e-01
2.325814688241279946e-02
6.655992111676398496e-03
5.334501911240264738e-01
2.835823411143457290e-03
1.242513638027058155e-04
8.468758671370778535e-01
1.857364386307346071e-01
1.092292553017020634e-01
2.221303615354776051e-01
1.124587818187439402e-04
9.054007442308057568e-03
6.040070471741484232e-03
1.307557992151354292e-02
8.566225557175201066e-01
7.204946869214130518e-05
1.026885657984736092e-02
9.129520161625996610e-02
2.103234400606111831e-02
2.192002170579876948e-05
9.086380615205013472e-03
8.896881279379339254e-04
7.093209701120177513e-02
1.749629487842437048e-02
2.311368378480606611e-01
1.233183769727198426e-01
5.503533910091255033e-01
9.565711964884359153e-01
2.721847148619315534e-03
8.187959245145025600e-01
2.112669127916656092e-02
7.681049193918214509e-03
1.191774052359997893e-03
3.334120743711820089e-04
3.535034767642266651e-01
1.305945805908745750e-04
1.329302988103254202e-01
1.202586612747479217e-01
2.098348966390858536e-02
3.018470462876059468e-01
5.403320630044639028e-01
1.094261887801895820e-03
1.916268186470254931e-01
2.157521488532148464e-04
1.457957976701904480e-05
2.230653711633157326e-03
8.807152502241899494e-03
1.435968982887651617e-02
1.495953443496755549e-03
3.798630940125415911e-01
2.551927103695673851e-03
9.771166184668398369e-01
1.433891911741268276e-03
7.875483959112116947e-03
1.033418801056479102e-03
6.393975969405080173e-03
5.041860630546255405e-04
4.304089158806559956e-01
4.087793620023581135e-04
5.524953172664381906e-03
8.651992150487738398e-01
8.168358102548209420e-04
5.599262484722378370e-03
1.579138926445854407e-01
1.196456493425977208e-01
1.289861602595080564e-02
2.970569883878645511e-05
3.352547475634486975e-04
3.144237123115260768e-02
2.733794963585739523e-04
6.609460984444866065e-03
2.085287524781191497e-03
1.712801689798381082e-03
2.173117435992458733e-03
2.515133298398050318e-03
1.166470415256511649e-03
3.953506789023994547e-04
9.334766100222754992e-02
2.867950197819981173e-01
2.756560110100526699e-04
8.538998763894865007e-01
1.302158652991733390e-01
2.450130100457435095e-02
9.655081052661555058e-03
1.027147571654927561e-03
4.276642642559003171e-01
1.840212179513207175e-02
6.592248774939005532e-03
9.048607496971927330e-04
8.235796870178473394e-01
1.337143709382799805e-01
4.309045640042172970e-02
3.342867503441581192e-03
1.084359591264091788e-05
2.915709496728926750e-02
3.209391964853135128e-03
1.433277303947607263e-03
2.795722377019622170e-03
1.065249711507756675e-04
2.539765034384270925e-01
3.128519821079393890e-03
6.731589467765505264e-01
1.456554244764790007e-01
2.532916063718488875e-01
2.614403702797760912e-03
3.282035164698062640e-02
8.415585836273100639e-01
4.198390418212454012e-03
1.921123907117000540e-02
8.885761645464559377e-01
2.888616551884785888e-02
2.342026306085061467e-04
2.002837601681629054e-01
1.759591101688035356e-02
4.707307049450033115e-02
1.244743498344527965e-01
3.263944056675082556e-02
3.082088642931889665e-04
1.295166483256064444e-03
1.770488586396721797e-01
6.605769285472775643e-01
6.770221433086562324e-02
6.398588450805560608e-03
3.804034045974914735e-02
5.625992726276768559e-03
1.994852473164832919e-03
2.482499465067909972e-01
9.713344561364239960e-01
5.316781000205978705e-04
1.289255259055998063e-04
3.225541006635244175e-03
8.844115542824857595e-03
6.778795517943484762e-03
3.025337021927797915e-04
5.561118265465513077e-02
4.509360737759572912e-01
9.655658067824419710e-01
1.061730290289138743e-03
1.603813349574595981e-01
2.201274410873811671e-04
2.636831512772857058e-02
5.008842645196799614e-02
1.391009704795548030e-01
9.305812155305526190e-02
6.409350401039255463e-01
1.361055370888196361e-03
7.473121354870862834e-03
1.537727616902194450e-02
4.188540793566258857e-01
1.956354140378903101e-04
9.358955313705046714e-03
1.321391325828683696e-05
2.169671330106883421e-03
3.429474858107611074e-03
3.308532169549017500e-03
1.871153113723620547e-03
3.748539175201234253e-01
1.208580039524728643e-05
5.902709049015377601e-02
5.338821326955821246e-04
3.747822444874550352e-02
9.626171801315942409e-04
2.455093007221784696e-01
2.740909258305975205e-01
5.609644972117084905e-01
1.109971251899261827e-03
8.500297322821243062e-01
5.411565301786198656e-01
5.596392250951608416e-01
5.335252286746881845e-03
7.247290816259484014e-01
2.584815251056461500e-03
7.089647515398196376e-01
3.325214838395309375e-02
3.558207469260012655e-03
2.491290681923220330e-06
4.845805380310264088e-03
4.180312625805400473e-02
6.306826210605423477e-03
4.157040079156883450e-01
1.337494135536073936e-01
1.628609357373067210e-02
1.317430230898823792e-03
9.239303225025488620e-02
8.738112516518092843e-02
2.676548906218282342e-01
2.288446246931141459e-01
2.106495437325349995e-01
4.522596213946954991e-01
1.335891559865818928e-03
1.075259667106971077e-03
5.087417503646333300e-04
7.198171699385044753e-02
6.873528082125750505e-01
1.276400489309480746e-01
3.369699811467514738e-01
1.412533955415639919e-01
4.372993780270539301e-04
5.273016884166615952e-03
2.079886157137300975e-02
6.987464014015007940e-01
1.890021998544065204e-02
5.966217635875422642e-01
1.219455116097793550e-02
4.377875892209535241e-02
1.097756017125170458e-02
3.352295126900121103e-01
5.035561785973406701e-02
1.069240792228380310e-01
3.381287557717526093e-01
2.288238558605641508e-03
6.527611290982779368e-02
5.469243154264657840e-03
9.602128712099289613e-05
3.759870267418961767e-04
1.632240348838841573e-03
5.758459763236227101e-04
4.052216197311057921e-02
8.952058386856497074e-02
2.235894466389807839e-03
5.896472872267538579e-02
3.101611092066513913e-03
7.040939743584698207e-02
4.611840650303831481e-03
1.398541090682696997e-01
4.103154941692708536e-03
9.997133045015786923e-01
2.225126230143193145e-03
4.008692053246701759e-04
1.436457195437460194e-03
7.167290409224215050e-03
9.849250901296886518e-01
1.042427970671274328e-03
3.051973682952140443e-01
1.070036487672032521e-01
4.202676242233763237e-01
1.713904567190136508e-01
1.938934413836894133e-01
2.181921710506732615e-01
1.036412717977148179e-01
2.422831455902204473e-02
4.383928135967899743e-03
2.691467620494531615e-02
1.561208152135753480e-01
1.465593132497082784e-01
1.333687680122090224e-03
6.881919701090528745e-03
1.227529520844888172e-02
1.701019471930747911e-05
6.520652927027422753e-03
2.398883495155772205e-01
1.014996470989856965e-02
3.852076782076698392e-03
1.073581482669653531e-01
2.759757803586519453e-01
9.123284825812118248e-02
1.972321893995448994e-01
2.421858639550942736e-04
1.353178060568751839e-01
4.085582309706623123e-03
5.141707697742862321e-02
1.301885691445535051e-02
6.625942553642957811e-02
8.110554147421615845e-01
2.408261299661942478e-03
9.612746518306599167e-03
2.967266185843534226e-03
5.930884529544026007e-01
3.245053590575110972e-04
1.871210659395699822e-03
1.764925929389367099e-01
9.344755698419953543e-04
9.421178239566009305e-01
4.295103524389877747e-01
2.006544880522521113e-01
1.176016581214611896e-02
7.742777998744859551e-03
3.619144446714715052e-02
4.438473443830820431e-01
6.507543467393155610e-05
2.060234129209968443e-02
5.060040322628073933e-02
8.748790413364321283e-02
6.571033168926819143e-03
1.404097914521597844e-02
4.043125109731767197e-01
5.265835200561891360e-01
2.093709432173482821e-01
2.856302548806064490e-01
7.868007916147575387e-05
3.391567932605926467e-04
2.480797339775357019e-02
3.641319108994400811e-01
3.803485992493114282e-03
9.917887618090746871e-02
1.445384737385840184e-03
1.442606543452216311e-03
1.582440133326027537e-02
2.556756554548189064e-01
3.506592096269753236e-03
4.000091044178725325e-02
1.414838132810802666e-02
1.480311598788743715e-02
8.543181215936312023e-05
5.114715178470017332e-01
9.744748027884562840e-04
2.946315849440781301e-02
2.691859141298745539e-02
1.955476515243622648e-01
1.216492786280413546e-01
2.343614650194516535e-01
6.175683182970197194e-02
9.401137522437076621e-04
1.942176742994815297e-01
4.129329091945307256e-02
4.992505571632463099e-03
9.076898407930898986e-05
2.424175502900106638e-01
6.404493526487084476e-02
1.320381194315264732e-02
1.303149019035389558e-03
2.021800364473031483e-04
7.054089727561084766e-01
6.332590686719689931e-04
1.946847067236734060e-04
4.156674911680683651e-05
2.708065479623823768e-02
2.667606189393676441e-01
4.234864914598594418e-03
8.096720715967187232e-01
2.023328681195703804e-01
3.537007215210346417e-02
3.585734069601833988e-03
9.315255875939275343e-02
5.250688963008911386e-02
1.852271008934277818e-01
4.632858992482345034e-02
1.964591246765682447e-02
7.157354379877266526e-01
1.665289373303142917e-01
1.447364354990732097e-04
1.211323907325251650e-03
1.921039152065524272e-03
6.259223440017309655e-04
7.983171269408248505e-02
5.172207104312349057e-06
1.742122783570730247e-03
7.733747784039854412e-02
7.598321991071926851e-02
9.697634178946937800e-01
3.715079567285103045e-04
3.269427969474496872e-03
1.318004008987316974e-03
2.714937201093974700e-05
4.559276031542585511e-02
1.003601632819823564e-01
3.575720820314032744e-04
9.884435150487389521e-01
8.444415102680705556e-04
5.195212251523468553e-04
1.626833074287254918e-02
1.044399133800675700e-01
9.365257591525625452e-03
3.815169234266494458e-01
3.121057253639249462e-01
3.396836888271238808e-02
1.478925200280363332e-03
1.336189988879299189e-03
8.142095644379172869e-04
2.814818932409516306e-01
1.136373375147994684e-03
2.285930618339794551e-02
4.137422186897824622e-02
7.193766768855653915e-01
4.458643838712338936e-01
1.232868492802421251e-02
2.039600670825193751e-01
2.745677282492586108e-02
9.222313271440289728e-03
8.398787514703395796e-04
6.987741396356125225e-04
2.154136088196859609e-03
5.185283605367581039e-01
1.027260900653243214e-01
7.964941431310730569e-02
4.394785659473395695e-02
4.857223658459896773e-03
3.987786236198699874e-01
3.759801193854816429e-03
1.422544987021558474e-02
2.362384188594547456e-03
1.217587474775449704e-04
2.204082223568710683e-02
1.673345869681768501e-05
1.137311736304902907e-03
3.026279158919608497e-02
3.116795153364658802e-02
5.601013597787872500e-02
9.624804769448578896e-04
3.048172627837600086e-04
8.388988803862800978e-03
3.022703034560568491e-02
7.360411376844689935e-01
8.840994426046775573e-03
1.592819171478057974e-02
2.258357520766345527e-04
4.470227673318697900e-03
1.296512613486943094e-04
1.909529837505600331e-03
4.952910866155035841e-02
3.864864331804711978e-02
2.782791747091019618e-01
5.568745584531898940e-01
1.325772203020017916e-03
2.780884232291556176e-03
1.592301359388237358e-01
6.517047061205867575e-02
7.221891614370353450e-03
4.203957396685827877e-04
5.056885940357257886e-04
5.360201331209608552e-03
1.373241836421249321e-02
1.477562442638215984e-02
7.703063385148649356e-02
8.239264208027977654e-01
5.314652333351308489e-01
5.173967496840996272e-02
2.376451081880950195e-02
7.571236230381567234e-02
3.631757577165032785e-06
4.375071575410066638e-01
9.582714439492253655e-01
9.234114718703444469e-01
1.618971162903753147e-01
2.003031191505184546e-04
7.502090453051820339e-03
2.704530572983180822e-02
5.619662910185601462e-03
4.278240950910200619e-04
1.777615250789123802e-01
2.008005761504946547e-03
5.045977980991597951e-03
2.142515518719874737e-02
4.958373399555664890e-03
3.025180001440409827e-02
6.884446115151449152e-04
1.504660707784657991e-01
1.024918504581078839e-02
5.770662735501505373e-03
6.369318641556370730e-01
9.097506192057195351e-01
6.895079088894401353e-02
4.587481265572559627e-03
7.395759227711330708e-02
5.578097423626922455e-05
6.499726172757694931e-01
1.294750611269440124e-03
1.549049917620410055e-01
5.398105281690730450e-01
8.572907738586964532e-01
3.370864414380829455e-03
6.465217356080849020e-01
8.934390320396490975e-03
5.102190764539700149e-04
2.593337106978681889e-02
4.533065573970394943e-04
2.541612245734851672e-01
1.936015181482933129e-05
2.005366364901598863e-04
1.657515336210096360e-04
3.877352978279700229e-04
1.918001750615419554e-03
1.097770652221107951e-01
4.230291980250471678e-02
2.365936170661885884e-01
1.825010371586154034e-02
9.277954259585992070e-01
8.145547514157260027e-02
9.535518423879779139e-04
7.420630302568099156e-04
2.604665974879391555e-01
1.073460372257070125e-04
6.311680498598240020e-03
1.727322639683800606e-03
4.228630547026189469e-04
2.360710270205330918e-01
3.108355582611367282e-04
3.475531211665458531e-01
1.625115225444055678e-01
5.814452332833330676e-03
9.262470944323663831e-04
1.528116497541879837e-01
2.990049156696518717e-01
2.015054735752582621e-02
5.449220801583373741e-02
1.429050999354773005e-02
2.233241767964936828e-03
4.804154164005695893e-03
6.151919510785317522e-04
4.000470589813010652e-02
1.129734254880318798e-05
1.499315536518581148e-02
1.889415239443370325e-04
6.140839828913727955e-03
9.429634767931927009e-01
3.702365007230500743e-02
8.388989070499336745e-03
3.652324881952977750e-04
6.188146047006007865e-03
5.793814374444732074e-02
1.833686465188735792e-03
2.032771708907625541e-02
1.344519296926170449e-01
1.761915002579884026e-04
6.235225312779953122e-02
3.323196239916649808e-01
9.971911618808487754e-01
9.369900746467013652e-01
9.911770621651860846e-01
9.884619244953376516e-01
9.915772519106265115e-01
5.003493009761375010e-01
8.478141325021183450e-01
9.110253627138755750e-01
9.973488954601463785e-01
3.197632923074841815e-01
9.667416503658102789e-01
9.658155712596612208e-01
3.874343055323896112e-01
9.975926305240504499e-01
9.829642610392521629e-01
2.860347029883502090e-01
9.878394454842033268e-01
9.592415935093595580e-01
9.728570746468477859e-01
9.633222744720547626e-01
8.721150003535446116e-01
9.994307505150930027e-01
9.919268257133110334e-01
5.944911628155671313e-01
9.856644767180511302e-01
9.717099303617342532e-01
9.272637517596643564e-01
9.624073081434374455e-01
9.903436539136037942e-01
9.166774857622781436e-01
8.155387275836790684e-01
9.862675250024764972e-01
6.100675272302819030e-01
9.954529660965376614e-01
9.996488187844720930e-01
6.840267424658862394e-01
9.955947233148013664e-01
6.878947141911373464e-01
9.746586315262674161e-01
7.707178294990990608e-01
9.408421666080728496e-01
3.192287606423445667e-01
8.607986128062063980e-01
9.785759213869354989e-01
5.089337860198254182e-01
9.529226110102017033e-01
9.538196808388089698e-01
9.561004602646677730e-01
9.980894445743736521e-01
9.986273813509229935e-01
9.781787306810456606e-01
8.686125623018090547e-01
7.305400443185569026e-01
9.937502063294159083e-01
8.889755468334137323e-01
9.740295395778827414e-01
8.337911194826346239e-01
7.979444976401633971e-01
9.991550364685409802e-01
9.325854285918023789e-01
9.920261569179464889e-01
9.902703682084338377e-01
9.972979269025367133e-01
6.561167412143628086e-01
8.428790311233946841e-01
7.908469611605002392e-01
2.779211761507309197e-01
7.462286411222766036e-01
9.570816931587768917e-01
8.865838787902986518e-01
6.367964786350769346e-01
8.798779757129063794e-01
9.580395429081133285e-01
6.536077540317765111e-01
6.183527753692197315e-01
9.978772339877378661e-01
9.274735591471198193e-01
9.950032698018931310e-01
9.521528209831335854e-01
9.996111731708462456e-01
8.015642169133930794e-01
9.818818347828772719e-01
9.645254989382899824e-01
9.819952786810459688e-01
8.915025403983901642e-01
9.502849189150062159e-01
6.255298548986538698e-01
9.390907315992502724e-01
2.839216093964087029e-01
9.507877915131742741e-01
7.912589422812184026e-01
3.577347898220014644e-01
9.935821520841325860e-01
8.126565582996195802e-01
8.860817253687790496e-01
9.509805553241031939e-01
9.110120337916934874e-01
9.537253587964668045e-01
9.946976699643583775e-01
9.614994853465289593e-01
