5.091729220337739420e-02
1.994991613074106052e-01
3.902126131318891383e-02
1.112647261360638802e-02
1.285872106619779381e-02
4.275934998491421821e-03
1.239050924993683649e-03
5.422590245736814279e-03
3.164952633828137067e-03
5.469406076191866278e-02
1.742908311496010193e-02
3.164418777689835278e-03
4.695326609257609307e-02
4.159351527101115553e-01
8.410893978588952075e-03
1.565225138973448150e-03
4.157476799186079347e-02
1.033185586031916322e-04
1.092296511038286103e-03
5.728582627788673248e-02
6.925033004485834861e-06
2.591807846244091953e-02
3.697788330277667983e-04
2.618702304768941082e-03
1.779200382953907342e-04
3.151086701421994263e-02
5.009977726015709234e-04
7.850106752916115663e-03
6.801482441913148623e-03
4.547869069700973682e-02
8.920307380041846016e-04
1.889878426228490654e-03
4.886655787015567465e-02
5.429422598073142055e-05
7.027918447347391087e-04
9.985305437082229172e-05
6.511928360929329987e-03
1.344770634396273978e-01
3.809130191354779659e-03
1.739584667928692485e-02
7.923275109157534163e-03
1.872066984802402633e-04
8.214571051955429698e-04
1.644955142737663384e-02
7.833899425873941001e-04
7.575426792911731620e-04
6.899471414523079826e-02
1.377648524988321242e-03
3.057804149143589635e-04
2.738124548781934592e-02
4.444346301524684795e-01
7.365570713273427404e-03
7.910388192564123686e-04
2.046969188778264281e-01
8.003295356484441125e-02
9.458545671034504498e-04
6.116866552555353352e-03
5.705315740952259483e-03
1.283142678205826379e-04
3.114362876311989846e-03
5.254460598775757677e-05
8.545042937567768953e-04
1.416574120119670592e-03
1.775865376860244135e-02
1.496827971357113287e-04
1.544808982879827819e-01
2.563257320485755764e-04
9.075148640150201189e-04
3.970894022153513385e-03
3.241992772585688097e-03
2.427214685031959997e-03
1.261405402420687563e-02
5.414588907853995232e-04
2.997505735381132339e-02
8.998243021965621202e-02
2.136678710762707786e-04
2.533571773609678791e-04
1.848533700235652417e-04
2.259323041134624066e-03
4.476745063643727818e-02
4.705147203469670636e-01
2.173074216695769847e-02
8.377402449025667986e-05
6.392415376145585849e-04
5.120482244502867265e-05
1.185711327149513092e-03
2.679159384150212042e-02
1.846708314178621072e-04
1.538281792372340334e-03
6.373347530641154408e-04
5.131784111837688761e-02
8.817472344387017325e-02
1.883878708930074330e-04
8.065527717483464204e-04
6.804050898963427407e-01
1.263410133201277041e-01
2.624080455916548535e-04
4.478828110732851510e-03
4.113979517999997418e-04
3.303950474396382536e-02
1.336097234022231997e-03
2.238700872218026341e-02
5.312303283224935335e-02
2.199120038720503087e-03
5.710875697233630012e-03
8.924244278306161550e-04
1.389289518481843545e-03
1.450232818608271151e-04
1.150657582402296424e-02
6.836470702433093335e-04
9.545428379381848752e-03
6.673383951079779239e-05
6.438659167760370054e-04
2.933294485615001689e-03
1.827961493151864794e-05
1.620285138356323314e-03
3.620061942484771589e-02
6.748407748610588987e-06
3.063065809061919689e-03
1.165166729766459047e-01
9.115989222400949017e-05
5.560660033204974399e-04
1.064766495793179925e-03
2.537749396421066714e-02
1.826371844530907951e-02
1.498130906199860411e-02
8.671840632223192305e-03
9.596109848176036239e-02
4.641532148248169246e-04
5.726440094056988936e-03
1.609789370290081725e-03
1.775346957034361394e-03
2.071919045647980517e-01
4.733958981520915675e-03
8.249020751125158953e-04
1.446469878025306507e-02
2.570558548285100720e-04
5.213785458313310341e-03
3.283970874885362793e-05
3.897851155765293270e-04
3.275506624747974785e-04
1.350095845240140667e-02
5.164089619454225073e-03
2.626529138305477590e-03
2.480974699728911363e-04
1.500033874806865411e-04
1.526283501318575434e-03
3.789155925116983667e-03
4.154269737715367565e-04
8.036952511991820453e-03
8.347843333502151866e-03
2.072549589895086920e-05
5.245957001653947255e-04
4.430738268921436426e-05
2.492143903436248031e-01
2.053007091013168972e-02
1.994116708030143400e-03
6.466817597930612923e-06
1.482514414470855954e-03
1.260016386290024578e-03
1.259188190000883056e-01
3.741642286386135394e-04
7.262180542418060524e-05
6.619336448999081808e-03
1.142902916832112294e-03
3.830261303019169561e-01
7.461713912263189278e-04
1.114008332801767580e-03
1.254732217300515588e-05
3.502138541320370599e-03
3.579710303364837861e-03
3.356996539655431131e-03
1.712980502511256276e-01
1.966302173854387117e-03
1.297269742170586715e-01
8.706609130146307496e-02
1.039216547559561610e-01
2.453651299221881396e-02
3.053096707484795336e-02
4.284126016508149962e-03
4.911488370694853597e-03
1.925264030378080055e-02
1.382329964056312407e-02
1.968597052509066855e-03
1.689763203743257225e-01
6.660673549688679975e-04
1.133018146800905646e-04
1.434417969076735334e-02
8.482230332933888249e-04
1.615022148084892467e-03
5.016191659943726352e-05
2.000507721619919962e-03
6.814450864435876720e-04
2.316150511367371626e-04
6.761326810372826623e-02
8.615268018134066496e-05
4.774133228585997635e-04
7.041386082249782852e-02
1.251267914148309623e-01
2.230829302752080842e-02
1.256113949571919033e-02
6.256131749934949922e-03
2.746916808792249174e-03
1.518276103613259986e-02
7.732620517915529852e-03
5.650099260258113765e-02
7.836801744251026269e-02
3.175716579662320183e-02
7.230768340055297554e-03
4.918891070694726871e-03
6.579832983012453640e-04
5.109657332231247646e-05
5.331386247958007883e-03
2.990298107636182173e-02
1.961132532845219142e-02
9.041756027284601413e-03
8.718250570673314465e-03
1.192171941394387473e-03
1.300393065958149481e-03
1.127812820800376398e-01
4.651683568576497722e-03
1.993248894728840044e-03
5.020605972247227204e-03
3.480191377448289738e-04
6.068969538541496567e-02
5.128037492945476672e-02
4.621962989096548707e-02
2.790324512387828190e-03
2.164594822044095708e-03
1.897962030558283768e-03
3.160629607521512480e-02
1.505730549736751696e-02
4.150529024776881959e-03
5.706325008111899112e-03
3.415708526175713355e-02
2.677994371162940174e-03
7.404785454971084778e-03
4.011858488291724506e-02
1.114476973403291486e-02
5.413373595945827053e-05
1.457418018062289246e-02
8.058213469853499691e-03
1.809565941646477981e-03
5.561275244124735256e-03
1.400574633824189230e-02
8.391637659701953744e-01
1.884509528546573706e-02
5.378588549497059085e-02
2.855571367696092128e-02
1.454780395650476406e-02
8.097110781309507788e-03
1.435347496999298811e-01
2.218163408644904474e-04
2.643915757713665620e-04
1.779721035754717713e-03
1.021778068439583957e-02
1.876264614246606066e-02
4.743266223596353560e-03
2.719909659584240913e-04
1.582083241239630347e-05
4.286163292521187780e-03
1.197185513299354152e-02
8.743353074945911334e-05
5.080564057404390876e-02
1.874639997794688359e-02
2.083242186630650510e-03
3.905116480729199971e-04
9.047599287545068925e-02
2.180003225595659663e-02
1.787010077315911603e-03
9.869016359045572340e-03
1.569740506246981642e-03
9.334923302770221617e-04
4.134738386674727609e-03
9.445993172648649468e-04
7.057193681402952092e-03
1.080418128585226671e-02
9.627423992319489310e-02
1.318261145243901319e-05
1.506411774084039958e-02
1.190345412443607198e-01
1.688006769962915529e-02
9.192798261500507301e-03
8.829905733896555378e-03
1.361914729358162761e-02
6.477119356081630260e-04
2.014473856741561542e-01
1.947332455270496879e-02
2.602761867357899009e-02
2.373709707000198725e-03
2.196221393077887126e-04
3.633981202865135709e-04
2.011331704264096576e-02
3.639569937863563771e-03
3.378530783944539567e-02
7.151769736017658970e-05
5.339967871038204389e-02
1.204105472752218928e-04
1.980346768932994116e-03
1.817926735193140181e-03
1.982560536346482036e-02
9.479934574580725637e-02
1.017012194322336948e-03
4.422905085991885900e-03
9.694733968412323939e-04
7.172817646076040709e-05
1.295522591118898614e-02
3.335932236511629078e-03
2.222419674044217360e-03
6.942557364211022260e-04
3.721470150068974941e-02
1.669570076998206471e-04
1.844396914079624722e-02
1.995287498619724431e-02
3.354678326735940620e-05
3.058668454558582678e-03
4.019914017766261505e-02
1.392807702281075337e-03
1.438108300189529424e-05
5.140594325980892736e-04
7.934743905851726273e-03
5.893887955658418717e-04
1.415489050158274531e-01
8.157031236942993572e-04
5.454105137354342200e-03
5.159783349839202997e-03
3.491968569887861102e-03
9.594829165990030237e-05
2.508735885136669907e-03
3.368417006297680372e-02
2.752616967359658787e-03
2.738915241948358236e-04
1.439770199528527840e-02
1.634409942708163347e-04
2.196109770182927065e-02
9.315885984127869612e-02
1.551498720572710825e-04
4.266583622371952701e-05
1.696528995085722080e-01
1.140512719980770751e-01
2.408236751358107500e-05
3.321990990855861262e-04
3.310474337331078404e-02
1.578932102976107364e-03
7.049206246900710515e-02
4.553783263764221018e-02
8.785900144884689622e-02
1.099573387343875663e-01
8.497043041346294401e-02
1.522864112110406884e-02
1.225834484849535764e-04
2.880379544545181442e-02
6.387581508761817591e-05
5.141248569865512590e-03
6.453618032848188468e-01
1.241192072396992557e-02
3.943657226354009837e-01
5.862759162380931123e-03
1.551296320106622037e-02
5.045342724743971247e-06
2.427483624105904978e-05
5.175626592520830849e-02
8.549676471902224462e-01
1.771274168892600087e-01
6.054371681839129877e-04
2.113913803263346171e-04
3.300177972926879744e-04
4.728058074509327441e-02
7.294612512611492461e-02
3.910241669826105887e-04
4.266478256093351323e-02
4.175208846167551523e-03
2.727121187284758386e-01
1.468713296597193430e-05
9.006441316853614322e-04
1.062903863542764799e-04
3.021604393856862011e-02
8.823896624773017519e-03
1.739653885102588953e-03
9.619767724719585633e-02
3.042401666552000186e-02
3.329619067916411235e-04
4.256008207973439178e-02
2.391112793884649351e-03
5.291426890856137238e-02
9.588041964540252593e-01
1.754321460594619828e-03
3.187972246513686922e-04
2.191372917453041080e-01
6.078057719817616666e-01
1.370651490931548960e-03
3.473383304862676796e-04
1.489468028393697505e-02
2.451976275573388136e-03
6.911748847466748146e-04
5.932886829008401919e-02
4.078898913920276335e-03
7.847670078057733187e-03
7.286118159022723223e-03
9.869007172097840272e-03
6.564001703752229966e-02
5.185081397263786862e-02
8.621320829166722178e-05
4.469295149188729920e-04
1.390632522188448559e-04
1.846003001446675992e-02
1.631438835078411614e-02
3.474266622895456295e-03
5.101251294008700421e-02
3.479453958320029294e-02
1.783807726586972330e-03
9.316252643439073416e-03
9.531612478067677530e-02
9.847856566197229610e-04
1.081560473356569943e-03
1.498427591525599428e-02
5.134976985497395618e-02
1.128722992440899398e-03
5.154879915006574213e-03
8.900092653218967054e-04
1.004564983652640915e-02
5.151097920161467085e-04
2.703631799528521257e-03
1.242160586385138491e-04
5.116509362257011268e-04
5.715856214049540741e-04
9.938153003882782902e-03
2.147119333314594525e-03
1.805630397333427570e-03
3.000739542365631896e-01
5.639891431975789793e-01
7.769016647909860428e-03
1.138575924529677385e-05
4.786595091426508984e-03
6.050244033604756759e-03
4.338029930847874774e-04
4.617583697294712179e-03
1.175159337875468085e-01
6.300201018972622366e-04
1.677764475536488650e-02
4.297695169784708676e-03
3.337681078171832183e-02
1.050349696678867816e-04
7.750076166533681650e-03
7.736259811943681664e-04
3.415159165577634146e-03
5.144624850545798708e-04
6.337489823147803578e-04
2.842151691178112149e-04
1.855094955901105680e-02
1.975532481236341037e-02
6.802979955278531943e-02
1.287091903887485275e-02
3.103563501760573783e-03
1.396629675462756617e-03
2.520885203942999087e-02
6.386075626797362847e-01
3.255449618174804938e-02
9.668297327858229456e-03
8.466135769552287846e-04
1.488779044983820892e-03
6.111000695825044397e-03
2.876202226667802161e-03
7.236582009809848547e-04
5.306428880101733215e-04
5.414905137433320172e-03
1.436761734752599524e-04
8.737755761660855741e-03
1.492411461734439310e-02
3.756171906361095107e-04
2.424037461452529379e-02
2.191877420577365704e-02
2.454946552908669429e-04
1.285724335602129336e-04
2.231259896802680488e-03
3.211105559919846808e-02
5.268366095602511172e-03
1.538942180060360286e-02
1.122994837138946910e-03
2.578764205238563332e-04
7.567595893590140345e-04
3.307772038991871203e-04
2.509106446792715769e-04
4.379718598518022796e-03
2.591065825300005732e-01
2.916065883907381986e-03
3.337160090194417512e-03
6.077238702904963485e-02
7.356764875549791317e-04
4.199628770302112470e-05
2.406742713713561355e-01
1.852823562521157402e-02
2.383515126250500618e-02
3.642519193875070477e-02
4.670168829838370776e-05
2.835420470418386057e-03
2.638560334691140551e-03
8.108217870115666179e-03
2.228071770721557765e-01
4.552337785088039686e-05
1.596213400788496764e-03
1.855539667864579412e-02
5.276233038645554603e-03
2.885603785267051131e-05
1.928308800875163818e-03
1.739545626892664463e-04
1.015543554771796905e-02
2.195578647754577954e-03
2.129583584006873934e-02
3.215690509414047271e-02
9.587475526186645114e-02
3.486788753293960097e-01
1.349504273901916841e-03
1.969782713897307302e-01
2.608939802484140126e-03
1.764226802778794860e-03
4.679615748392143429e-04
1.035594790130378286e-04
8.626851904218173217e-02
9.615796344003235100e-05
1.304271861841838943e-02
1.843741872391401956e-02
6.084772699379913802e-03
7.914393909860877041e-02
6.011488765395057304e-02
2.472006289417232375e-04
2.267643944064353864e-02
9.548080436968754334e-05
1.121665767756771727e-05
6.167273386084382372e-04
1.531701858553394724e-03
1.058176051983014763e-03
3.874144284766445063e-04
6.010799870766526942e-02
6.087655582880589474e-04
6.593717294019493247e-01
5.387043916695560385e-04
2.967921618886699801e-03
4.155846655234252530e-04
8.072129009310494586e-04
3.825199465009580151e-04
9.150852865380385004e-02
5.063828873751262784e-04
2.657015310055665155e-03
3.169298964137640673e-01
9.034594134433783941e-04
7.264730463341091248e-04
1.639959033287613152e-02
1.601115536907924894e-02
1.531796212413421687e-03
3.471593283622384968e-05
3.668256365562336534e-04
4.993400970629263864e-03
1.912500687512563293e-04
1.654466400476540871e-03
6.931872448566189782e-04
7.489236201190007172e-04
3.698845124221027537e-04
4.017705697755823710e-04
3.123363934405956675e-04
1.483876494138724913e-04
9.145212333533643198e-03
2.347674423502551719e-02
1.571968340239283880e-04
3.133327595667397270e-01
2.119564689898842391e-02
2.963101750462844314e-03
2.962991604971343743e-03
4.173539579364664515e-04
3.003165315417654496e-02
1.542949850846334851e-03
1.813482491702925062e-03
3.419565952235672970e-04
3.373395058421016501e-01
9.298704960375572121e-03
6.658615473022206147e-03
9.635613417654044282e-04
9.720398350001288634e-06
7.476762302387596378e-03
8.703971379567063561e-04
1.785759269665937519e-04
1.535696301615163857e-03
6.002554355221858390e-05
5.140756901016363400e-02
1.324109967354933316e-03
1.510562033414369343e-01
1.292025084789324811e-02
4.302843858624613715e-02
9.815984615118952990e-04
5.076601628334324705e-03
3.025843710352874583e-01
1.134899431993019459e-03
4.817090412336419783e-03
3.465509939373565551e-01
7.525757508526397313e-03
9.627432733188507415e-05
2.502032615159757029e-02
4.486779517576349602e-03
8.249250124026576841e-03
1.917220638402918065e-02
1.043417000496867433e-02
1.249012286733511311e-04
4.649523200199823865e-04
2.299086710336761818e-02
2.321459373541299998e-01
1.611298805693156880e-02
1.472779455689047275e-03
4.424379392851771932e-03
8.549668067053674096e-04
4.330502602020393677e-04
5.462806884079626779e-02
6.423682419144649547e-01
1.436695192580651444e-04
1.651625886171167470e-04
6.913131807670480720e-04
2.857574956401214179e-03
1.506542792111555855e-03
2.401703895326973842e-04
7.259927892716344644e-03
7.883931896013134100e-02
4.937655917640673131e-01
2.246746785941013862e-04
2.889460637634927789e-02
1.433817111938326004e-04
4.480159315480822940e-03
9.574144377969318748e-03
1.121004080682385350e-02
1.410350063605661855e-02
1.719089207038676237e-01
2.351551804518031794e-04
1.490105911753609709e-03
7.824751412179590387e-03
1.766488630625026590e-01
1.521110269076354836e-04
5.238786037520527968e-03
1.446468289301126243e-05
7.905200261364793337e-04
1.474604356394096979e-03
1.659244687266766974e-03
7.504565040951211539e-04
4.552430287044648832e-02
1.373875923702155605e-05
2.129805504323287538e-02
3.288991003691368940e-04
9.301161999493035709e-03
2.997124559412849909e-04
2.039606443181325376e-02
3.093935134751642224e-02
1.350966757066133506e-01
4.255674874628537327e-04
1.996126460035650696e-01
1.123268170556218915e-01
1.907516999605121388e-01
3.003657986341902973e-03
1.395239664268003998e-01
7.007933003648337102e-04
1.705224695316066297e-01
5.027924611837464829e-03
1.160766419499513610e-03
3.924805621254126879e-06
1.269455977480430211e-03
9.326583396277884908e-03
2.088687242111814200e-03
6.041572347009984550e-02
1.610250091559323193e-02
4.747691101506662514e-03
9.165314044563851016e-04
2.361780102042100593e-02
1.184594283771150253e-02
4.355300227371861066e-02
2.842047015001250565e-02
7.998263332432595588e-03
5.049984228815534992e-02
9.750605430244336114e-04
3.743118275631271853e-04
2.031327465560709973e-04
1.833879904098582869e-02
9.813920631872978528e-02
1.822264023725694501e-02
4.032276499784306911e-02
3.874378856575261265e-02
1.619327794219554647e-04
1.345466251246510599e-03
4.872407111292056774e-03
1.957326369765771679e-01
9.450333571383071063e-03
1.348369063550918234e-01
2.454582402078249025e-03
5.351342813764643595e-03
4.972590435588646572e-03
2.202813989259316124e-02
8.152756087447417949e-03
9.774183763795999194e-03
6.145167246659946625e-02
2.856446783342887958e-04
1.182468194740203017e-02
1.489705681628575654e-03
6.203985135059084815e-05
1.959202507115276369e-04
9.198321888462413637e-04
1.587590799752828141e-04
4.166740176062700383e-03
2.111567872936051873e-02
1.563261383773661105e-03
1.085840943648774121e-02
9.156055910069030301e-04
6.810162331264879923e-03
1.137861299647640895e-03
4.527180328749543653e-02
7.379825832605930178e-04
9.862091709354338098e-01
7.040053966999197188e-04
1.548977544919632142e-04
4.704074195164620396e-04
3.918725571158817797e-03
6.171427346029073613e-01
1.217912651575226313e-03
1.881595085733994352e-02
1.734098065794831278e-02
3.910993333484494294e-02
1.285485996550357092e-02
2.650390319378060494e-02
1.784938748700987468e-02
1.288352710917536371e-02
6.048837379720231437e-03
2.870575570457723153e-04
9.381996715595395525e-03
3.021944191888263284e-02
1.293598096837571439e-02
4.264496765977999451e-04
8.141125539381833826e-04
2.044676798279084808e-03
1.455485299329189711e-05
1.759946233264800351e-03
3.051881236017467761e-02
3.597050235247043273e-03
5.453569549088131425e-04
1.828449887030801288e-02
6.058740706425018441e-02
3.847413641511143040e-02
3.786602084659248385e-02
6.327991703566414967e-05
1.554501987482690209e-02
1.266405090865822206e-03
1.521201320888900844e-02
2.165171303763993148e-03
8.969762569504494826e-03
9.999648809802211269e-02
1.290937501507301429e-03
1.491146449144909033e-03
1.826041344581226652e-03
1.529157374263660496e-01
1.050833082585816617e-04
3.506490741141983091e-04
2.479022712579520560e-02
2.937421928339587016e-04
4.845117531127213217e-01
6.706427124463053280e-02
2.461960395104054178e-02
1.066796587551985644e-03
1.365076254923189335e-03
8.243079685313315155e-03
4.664417438257539156e-02
6.131478903886811366e-05
3.680627447278484767e-03
3.156051371260990696e-03
3.569192364672097752e-03
1.954594194889676482e-03
1.189975752357773191e-02
5.685077272617707067e-02
7.788647860940617340e-02
2.400822984662810342e-02
4.506590011863160355e-02
3.128661287267125128e-05
2.549317956236026072e-04
6.844529631110336972e-03
2.914642232102883021e-02
1.406830714221159401e-03
1.265639410007887537e-02
6.100067708092796453e-04
4.108417285637604882e-04
2.323512066978035764e-03
3.781381520237402094e-02
1.752740976486503663e-03
7.237865228359261632e-03
4.752809830911218503e-03
3.716782089745817620e-03
4.641159396297778726e-05
1.154729220267360079e-01
5.793222746070686999e-04
8.880521623593928826e-03
6.977326869368571764e-03
2.019781790814203018e-02
2.589285387606802408e-02
8.806745706279132946e-02
8.944267731844401589e-03
3.183804904202198398e-04
2.319349028065045490e-02
1.163652228893267103e-02
9.114260830324011700e-04
3.796431077714550466e-05
2.547512787817201099e-02
6.362771725071537238e-03
6.382162849996307098e-03
5.160216263897503697e-04
1.273764074545851084e-04
1.548836416479307254e-01
2.797885655746667967e-04
3.045259433098945138e-05
7.635319468015878605e-05
4.524911296462171169e-03
2.937081062269522938e-02
3.270332575318109052e-03
2.702261250549118365e-01
3.887819757536210841e-02
4.256035316833174306e-03
1.059843315285724811e-03
1.209600179035815425e-02
7.987859109605905880e-03
4.940385304688452162e-02
7.686706610502891043e-03
4.919570453372285740e-03
1.820161688873232209e-01
2.398527551514281417e-02
5.351983051207962041e-05
9.026561700252734273e-04
3.651739313878158799e-04
4.658757585923145963e-04
3.039874657154163079e-02
6.662666183647177649e-06
4.335705709622682258e-04
6.589222135926261180e-03
1.293270120908283742e-02
5.770105775469205334e-01
1.279077176413684976e-04
7.438016118659140441e-04
2.352875381452744757e-04
1.488709007621149920e-05
1.366673703230417147e-02
2.371717054101874292e-02
1.723871354421746484e-04
7.751415965941643726e-01
1.941065329308345143e-04
1.258323920452556453e-04
8.037203537271275788e-03
2.314155024904428204e-02
1.870695901026732519e-03
2.671043479401859558e-02
5.466343927482601728e-02
6.847937214018402080e-03
2.505476903231264058e-04
6.407989513667575491e-04
3.913417998696386963e-04
2.974746781259057435e-02
3.766817571729317964e-04
4.174911370581193236e-03
5.988150670952061515e-03
1.041166773439607257e-01
6.213843365553605586e-02
5.937994860179653459e-03
3.036980363094923460e-02
5.746174630155110111e-03
4.253490126906882100e-03
3.971988591545984586e-04
1.775495479795408571e-04
5.105022031385817198e-04
9.411564840605174398e-02
2.362190828441677534e-02
1.038709475988686994e-02
6.647456482527249431e-03
1.082907479588826475e-03
3.712355142653127327e-02
2.994472355742656012e-03
1.644131986220409656e-03
7.607444578991575486e-04
5.028907935732960567e-05
5.866131964415828570e-03
4.213230325849643537e-05
9.753005378208947154e-04
2.659767859423928238e-03
3.575263134906521249e-03
1.218261318272099644e-02
7.713254073235601945e-04
1.973599622969133291e-04
1.466618611401127687e-03
8.566636944295127204e-03
1.495747724326615125e-01
1.748109775076250438e-03
2.092173405727979114e-03
1.106993373579944910e-04
7.511023725186855146e-04
6.741741663779099436e-05
1.280286724795576259e-03
4.332337515544453822e-03
9.425700599553452422e-03
4.889511093001870645e-02
1.395028071533287450e-01
3.773043007078577212e-04
7.006631082960850139e-04
1.834206639387668536e-02
9.110724051242162155e-03
2.239715109544817857e-03
1.999885786739415117e-04
5.844187836376514740e-04
7.995937391252111491e-04
1.421774016046033640e-03
1.398065773024184796e-03
1.313410663790523861e-02
2.299853237261373640e-01
8.052734202530931196e-02
1.756572185487552396e-02
5.502566854082956670e-03
1.740879339241760415e-02
6.665370255761232692e-06
3.012558713890801931e-02
5.308685169154583328e-01
3.059281490169978301e-01
2.285957177306620000e-02
1.240684319158671587e-04
6.959852037434852839e-04
4.667685469922026181e-03
6.334912596336882704e-04
1.146987235667431345e-04
2.328104558062281393e-02
5.493384798820816813e-04
2.150607716792018662e-03
4.519540912438049438e-03
7.528525699042055682e-04
4.896225423174028514e-03
1.576206866752182315e-04
1.402078688002652077e-02
5.077053880116483807e-03
9.623657338912899352e-04
1.000687018043112386e-01
4.553001516903678048e-01
1.796937029196290017e-02
1.472896916357595938e-03
6.041444716900492944e-03
9.011953682961512603e-05
8.748606761078163430e-02
6.360470151278663437e-04
2.434693094454337681e-02
1.357322156714728112e-01
2.395355372500024005e-01
1.179329874713444049e-03
1.999938044214675803e-01
1.884286573997707428e-03
2.265591935961424371e-04
4.551345340621307245e-03
1.138671649533433015e-04
9.421862810904413355e-02
1.823470486166583549e-05
1.004858706613496279e-04
1.296263235763446282e-04
2.230772592851385178e-04
7.632489864573126529e-04
1.451175443669465263e-02
6.332967448782173860e-03
2.136673109112312285e-02
5.917218797155000126e-03
2.984422117156083076e-01
1.092780000722633899e-02
1.486343595708356446e-04
2.378119499638857567e-04
4.888887988579959654e-02
7.633956904396239766e-05
4.349566597643587419e-03
5.806779218203932764e-04
2.921237786530915298e-04
2.793622152525111757e-02
2.494821273008150523e-04
3.588997480492631814e-02
4.954770099886834228e-02
4.021131944034368744e-03
5.207651761810302331e-04
2.035541843963255271e-02
3.752317585561738833e-02
4.812436077086062157e-03
2.910976149764716442e-02
6.194463573777174957e-03
4.867070628654898462e-04
1.400537167504491490e-03
3.265224357160543167e-04
1.138701867258880458e-02
1.392710314840072707e-05
3.884704277848115284e-03
9.073631885170181644e-05
7.890044514592801667e-04
3.967626380211835557e-01
1.251376059741205610e-02
2.630024826624480574e-03
1.722987562665280080e-04
1.419902685156411871e-03
8.648531315410049741e-03
1.141785387981879892e-03
3.418846716406965559e-03
9.382303022954185251e-03
1.401965007063297076e-04
1.366145976640790669e-02
2.882657637556919339e-02
9.552922342978024117e-01
5.240966645889254538e-01
8.902441699801054709e-01
8.351772912450056152e-01
8.669540810727416336e-01
6.057965076327457427e-02
3.099864720609623037e-01
3.483488351997751087e-01
9.564707930939454483e-01
3.890564123942572700e-02
6.552691983498564188e-01
5.977208254124413145e-01
4.470512976885609308e-02
9.650601676184041855e-01
8.466396051359152963e-01
2.749493901049825800e-02
8.245347034448192725e-01
6.704848974508293979e-01
7.585721958717730473e-01
6.245401843307173406e-01
3.262565400021728568e-01
9.872265563083336692e-01
8.926596906514073781e-01
9.102881708828056140e-02
7.860610970925950847e-01
6.602877906884674353e-01
4.868276532477975871e-01
6.445917770791004253e-01
8.841615684642913919e-01
4.171246559060646231e-01
2.085712071856384020e-01
7.986071362291006226e-01
1.196328724461053483e-01
9.249539074847020759e-01
9.924767197401670460e-01
1.563062024709908626e-01
9.305499085494617351e-01
1.383594424355058528e-01
7.603365916816515746e-01
2.424137604799903867e-01
5.524933241648629645e-01
4.228701456972198958e-02
3.271457343026523135e-01
7.968010968956551476e-01
9.110629934915696893e-02
5.516535380470085626e-01
6.493237704569067015e-01
6.117806385482715825e-01
9.673356677646690605e-01
9.771500739256752111e-01
7.635712561287116840e-01
3.476328728099705168e-01
1.848756699070168708e-01
9.218194144766811426e-01
4.190147310902276878e-01
7.597462214540839920e-01
2.453608270659904111e-01
2.006192106539942677e-01
9.871322826257237226e-01
5.075281519757809390e-01
8.759938647444813764e-01
8.509821068699846558e-01
9.557161958629941667e-01
1.380111526267653599e-01
2.684121437755700446e-01
2.243669671275290434e-01
3.057814788015045943e-02
1.951832328529973237e-01
5.832822666462140759e-01
3.605950608563326942e-01
1.255991222494657888e-01
3.472127470087961187e-01
6.513765293326393424e-01
1.206652764200505934e-01
1.339081014033867700e-01
9.620214630249552812e-01
4.975868817281399181e-01
9.216812668371953121e-01
6.008796226657807660e-01
9.935166327864123348e-01
2.789458227538765822e-01
7.772820635609025697e-01
6.746573747310877778e-01
7.520001780419791615e-01
3.907216329664324750e-01
5.631258993194231399e-01
1.205208866161019549e-01
5.438293193883879661e-01
3.253805323160727930e-02
5.581601103734815661e-01
2.916757264960114227e-01
4.789883756856381375e-02
9.083827468295258001e-01
2.793243719934364599e-01
3.323108408927443747e-01
6.143463867820894153e-01
4.315579701308195348e-01
5.332741221650473262e-01
9.292142864348286180e-01
6.644502702620880275e-01
